means
k I1 I2 I3 I4 I5 I6 I7 I8 I9 I10 C1 C2 C3 C4 C5 C6 C7 C8 C9
9 4 1 2 5 6 1 9 7 8 3 119.9278   0.0000   0.0000   0.0000   0.0000   0.0000   0.0000   0.0000   0.0000
8 6 1 3 2 5 1 8 4 8 7 119.92778   0.00000   0.00000   0.00000   0.00000   0.00000   0.00000  94.25353
7 6 1 5 5 3 1 2 4 2 7 119.92778  94.25353   0.00000   0.00000 138.64771   0.00000   0.00000
6 3 5 2 1 6 5 2 2 4 4 0.0000 283.0934   0.0000 228.9199 119.9278   0.0000
5 1 5 4 4 2 5 3 3 3 3 0.0000   0.0000 778.4253 138.6477 119.9278
4 3 2 2 2 1 2 2 2 4 4 0.0000 1285.6458    0.0000  228.9199
3 1 3 3 3 2 3 3 3 3 3 0.000  0.000 2474.266
2 0.000 0.000 2474.266 7721.197    0.000
1 1 1 1 1 1 1 1 1 1 1 16889.15

means&sigma
9 5 9 3 2 8 9 1 7 4 6 0.0000   0.0000   0.0000   0.0000   0.0000   0.0000   0.0000   0.0000 136.4905
8 3 2 1 1 7 5 4 6 4 8 177.1194   0.0000   0.0000 100.5455   0.0000   0.0000   0.0000   0.0000
7 3 5 1 1 7 5 2 6 2 4 177.1194 100.5455   0.0000   0.0000 136.4905   0.0000   0.0000
6 1 6 3 3 4 6 5 5 2 2 0.0000 230.2199 177.1194   0.0000 157.4572 136.4905
5 1 4 2 2 5 4 3 3 3 3 0.0000 177.1194 837.2893 136.4905   0.0000
4 4 2 2 2 3 2 1 1 1 1 837.2893 952.1625   0.0000   0.0000
3 2 3 3 3 1 3 3 3 3 3 0.000 0.000 2678.606
2 2 1 1 1 1 1 1 1 1 1 10537.89 0.00
1 1 1 1 1 1 1 1 1 1 1 17101.26 
